1 0.169783 0.449917 0.136895 0.255426
1 0.407679 0.393155 0.131886 0.218698
1 0.548748 0.387312 0.110184 0.220367
1 0.703172 0.398164 0.138564 0.188648
1 0.069616 0.204508 0.060100 0.071786
1 0.153088 0.215359 0.053422 0.070117
1 0.254090 0.244574 0.061770 0.118531
1 0.360935 0.246244 0.065109 0.075125
1 0.481970 0.236227 0.053422 0.078464
0 0.675626 0.045075 0.063439 0.036728
0 0.850918 0.240401 0.053422 0.063439
3 0.161436 0.783806 0.060100 0.051753
3 0.262437 0.855593 0.088481 0.071786
3 0.380134 0.675292 0.026711 0.085142
3 0.425209 0.778798 0.053422 0.068447
3 0.496995 0.701169 0.083472 0.100167
3 0.643072 0.737896 0.068447 0.076795
3 0.720701 0.728715 0.053422 0.061770
5 0.712354 0.218698 0.073456 0.056761
5 0.567112 0.222037 0.053422 0.043406
5 0.260768 0.146912 0.048414 0.040067
5 0.350083 0.166945 0.046745 0.033389
5 0.464441 0.159432 0.048414 0.031720
5 0.135559 0.143573 0.045075 0.030050