1 0.130551 0.583472 0.071786 0.088481
1 0.275765 0.542613 0.074569 0.094602
1 0.377045 0.554299 0.070117 0.093489
1 0.452170 0.530927 0.046745 0.084585
1 0.505036 0.523136 0.041180 0.075682
1 0.614663 0.530927 0.048971 0.091263
1 0.668642 0.517014 0.038954 0.061213
1 0.744880 0.538717 0.040067 0.080134
1 0.791625 0.636102 0.057874 0.090150
6 0.124402 0.508111 0.043406 0.016694
6 0.282999 0.471383 0.031163 0.018920
6 0.373150 0.484182 0.028937 0.015582
6 0.498915 0.471383 0.028937 0.014469
6 0.622454 0.456358 0.035615 0.013356
6 0.670868 0.458027 0.025598 0.016694
3 0.101586 0.761311 0.037841 0.051196
3 0.188954 0.740721 0.054535 0.030050
3 0.290234 0.717905 0.085698 0.031163
3 0.381497 0.717348 0.061213 0.041180
3 0.698136 0.687855 0.053422 0.040067
3 0.802198 0.720687 0.076795 0.052309