1 0.176461 0.355593 0.136895 0.317195
1 0.320868 0.389816 0.105175 0.228715
1 0.436895 0.414858 0.080134 0.222037
1 0.563773 0.467446 0.100167 0.207012
1 0.697329 0.410684 0.116861 0.240401
1 0.869282 0.552588 0.136895 0.263773
3 0.185643 0.858097 0.158598 0.106845
3 0.416861 0.712020 0.086811 0.085142
3 0.315860 0.747913 0.108514 0.073456
3 0.543740 0.733723 0.096828 0.075125
3 0.679800 0.780467 0.105175 0.081803
3 0.835058 0.838898 0.125209 0.125209
0 0.191486 0.080134 0.106845 0.080134
0 0.331720 0.206177 0.066778 0.091820
0 0.439399 0.252087 0.081803 0.080134
0 0.579633 0.285476 0.075125 0.070117
0 0.727379 0.208681 0.093489 0.103506
0 0.887646 0.348080 0.080134 0.098497
6 0.196494 0.150250 0.076795 0.030050