0 0.122877 0.151230 0.181604 0.159198
0 0.282665 0.287387 0.095519 0.087978
0 0.476061 0.313571 0.074292 0.085883
0 0.612854 0.293671 0.060142 0.050273
0 0.717807 0.306239 0.104953 0.096357
0 0.881132 0.239208 0.172170 0.180145
6 0.148821 0.273771 0.103774 0.060747
6 0.298585 0.347086 0.056604 0.048178
6 0.473113 0.372223 0.051887 0.039800
6 0.604009 0.342897 0.051887 0.031421
6 0.704245 0.365938 0.051887 0.043989
6 0.202476 0.586931 0.055425 0.046084
1 0.118160 0.705487 0.216981 0.589025
1 0.297995 0.581694 0.163915 0.320491
1 0.461910 0.545036 0.156840 0.297449
1 0.692453 0.575410 0.110849 0.328870
1 0.884552 0.749271 0.230896 0.467121