1 0.323349 0.536688 0.193396 0.180294
1 0.812146 0.343816 0.086085 0.188679
1 0.703066 0.393082 0.075472 0.140461
1 0.514387 0.405660 0.099057 0.132075
1 0.535613 0.315514 0.080189 0.090147
1 0.407075 0.415094 0.054245 0.146751
1 0.262028 0.364780 0.070755 0.121593
0 0.163561 0.593291 0.062500 0.129979
0 0.133491 0.488470 0.040094 0.033543
0 0.273231 0.287212 0.053066 0.067086
0 0.397641 0.278826 0.035377 0.071279
0 0.514387 0.235849 0.066038 0.064990
0 0.668868 0.266247 0.056604 0.050314
0 0.812146 0.212788 0.067217 0.064990
4 0.887028 0.349057 0.040094 0.052411