0 0.161987 0.325504 0.086478 0.063353
0 0.250430 0.388857 0.055031 0.060407
0 0.347226 0.410957 0.059945 0.039780
0 0.439109 0.404327 0.047170 0.044200
0 0.519691 0.423481 0.060928 0.055987
0 0.589463 0.391804 0.037343 0.045673
0 0.680854 0.408747 0.043239 0.050093
0 0.756523 0.385174 0.049135 0.044200
0 0.851354 0.357917 0.057980 0.042727
1 0.147737 0.511881 0.095322 0.212161
1 0.244534 0.555345 0.092374 0.201847
1 0.339856 0.568605 0.072720 0.201847
1 0.439109 0.603965 0.086478 0.251941
1 0.520182 0.605438 0.067807 0.213634
1 0.593885 0.570815 0.083530 0.232787
1 0.682820 0.562711 0.080582 0.210687
1 0.764876 0.556081 0.085495 0.215107
1 0.863637 0.523668 0.082547 0.200374
3 0.147737 0.869902 0.118907 0.106080
3 0.254852 0.889055 0.095322 0.047147
3 0.346735 0.887582 0.066824 0.067774
3 0.436161 0.859589 0.078616 0.114920
3 0.523622 0.881689 0.051101 0.082507
3 0.590446 0.861799 0.082547 0.101660
3 0.677415 0.870639 0.079599 0.095767
3 0.757505 0.875795 0.098270 0.082507
3 0.858724 0.884635 0.092374 0.073667