0 0.096934 0.517086 0.070755 0.088443
0 0.111675 0.608544 0.048349 0.042212
0 0.227830 0.461809 0.068396 0.070353
0 0.335141 0.394471 0.066038 0.032161
0 0.367571 0.267836 0.027123 0.056282
0 0.409434 0.213564 0.025943 0.032161
0 0.631132 0.291957 0.068396 0.048242
0 0.593986 0.376380 0.034198 0.044222
0 0.594575 0.415577 0.066038 0.066333
0 0.680660 0.374370 0.068396 0.060302
0 0.483137 0.728144 0.053066 0.052262
0 0.780307 0.649751 0.050708 0.080403
0 0.819811 0.648746 0.066038 0.054272
2 0.124646 0.729149 0.079009 0.142715
2 0.339858 0.529146 0.075472 0.164826
2 0.225472 0.580403 0.049528 0.118595
2 0.422406 0.340199 0.051887 0.136685
2 0.593396 0.547237 0.080189 0.140705
2 0.740212 0.753270 0.055425 0.146736
1 0.491981 0.311053 0.061321 0.106534