0 0.207193 0.318691 0.055425 0.084906
0 0.276769 0.171875 0.043632 0.056604
0 0.322170 0.179835 0.047170 0.030071
0 0.432429 0.205483 0.043632 0.038915
0 0.510849 0.193986 0.035377 0.033608
0 0.526769 0.272700 0.069575 0.060142
0 0.754953 0.202830 0.028302 0.033608
0 0.860495 0.175413 0.036557 0.038915
0 0.954835 0.210790 0.031840 0.049528
1 0.152948 0.484965 0.137972 0.265330
1 0.280896 0.283314 0.051887 0.109670
1 0.326297 0.284198 0.062500 0.125590
1 0.420637 0.290389 0.076651 0.134434
1 0.539741 0.413325 0.097877 0.182193
1 0.749057 0.301887 0.070755 0.125590
1 0.850472 0.254127 0.073113 0.100825
1 0.953066 0.285083 0.075472 0.099057
4 0.055071 0.290389 0.062500 0.095519
4 0.211321 0.597288 0.049528 0.182193
4 0.558608 0.479658 0.038915 0.070755