6 0.635259 0.221174 0.109670 0.064990
6 0.303302 0.273585 0.080189 0.060797
6 0.470755 0.392034 0.103774 0.058700
6 0.967099 0.350105 0.065802 0.071279
0 0.297995 0.169811 0.189858 0.134172
0 0.489033 0.257862 0.128538 0.176101
0 0.624057 0.110063 0.162736 0.127883
0 0.936439 0.231656 0.127122 0.148847
0 0.134080 0.856394 0.156840 0.241090
1 0.138797 0.544025 0.246462 0.601677
1 0.457193 0.746331 0.218160 0.490566
1 0.676533 0.686583 0.258255 0.576520
1 0.931132 0.740042 0.137736 0.503145
4 0.147641 0.689727 0.129717 0.134172