1 0.412972 0.478784 0.158019 0.189176
1 0.538561 0.517680 0.076651 0.210393
1 0.675354 0.508840 0.130896 0.231609
1 0.838090 0.448728 0.239387 0.351833
0 0.412972 0.314360 0.070755 0.083096
0 0.545637 0.357676 0.093160 0.074256
0 0.657665 0.279883 0.088443 0.045968
0 0.797995 0.186179 0.076651 0.070720
4 0.948231 0.649396 0.103538 0.134368
4 0.398231 0.535360 0.031840 0.054808
4 0.493750 0.592820 0.036557 0.070720
4 0.633491 0.515912 0.049528 0.065416
3 0.380542 0.757245 0.100236 0.067184
3 0.488443 0.713929 0.054245 0.061880
3 0.489623 0.842109 0.068396 0.074256
3 0.587500 0.783765 0.042453 0.095472
3 0.616391 0.889845 0.086085 0.056576
3 0.740802 0.853601 0.075472 0.061880
3 0.777948 0.957029 0.100236 0.067184
3 0.884670 0.914597 0.061321 0.077792